path,name
97,h003871_6
144,h003871_6
99,h003871_6
146,h003871_6
194,h003871_6
195,h003871_6
239,h003871_6
291,h003871_6
