path,name
234,h005655_3
235,h005655_3
186,h005655_3
185,h005655_3
186,h005655_3
235,h005655_3
186,h005655_3
139,h005655_3
140,h005655_3
141,h005655_3
142,h005655_3
97,h005655_3
